1.3245e-05
2.08136e-05
1.51372e-05
2.27058e-05
2.64901e-05
2.08136e-05
7.56859e-06
1.3245e-05
2.27058e-05
1.13529e-05
1.51372e-05
9.46074e-06
2.08136e-05
1.3245e-05
1.70293e-05
1.70293e-05
2.27058e-05
1.70293e-05
1.3245e-05
1.89215e-05
2.08136e-05
1.3245e-05
9.46074e-06
1.51372e-05
2.64901e-05
1.89215e-05
1.89215e-05
1.13529e-05
1.89215e-05
3.02744e-05
3.21665e-05
1.51372e-05
2.64901e-05
2.64901e-05
2.83822e-05
2.64901e-05
3.59508e-05
2.83822e-05
4.91958e-05
3.97351e-05
4.91958e-05
2.64901e-05
4.54115e-05
3.7843e-05
3.40587e-05
4.54115e-05
4.54115e-05
5.86566e-05
6.81173e-05
6.4333e-05
6.24409e-05
7.00095e-05
9.64995e-05
0.000102176
8.51466e-05
0.000100284
0.000107852
0.000155156
9.08231e-05
9.83917e-05
0.00012299
0.000126774
0.000164617
0.000183538
0.000145695
0.000174078
0.000234626
0.000221381
0.000261116
0.000244087
0.000306528
0.000317881
0.000344371
0.000336802
0.000391675
0.000355724
0.000438978
0.000488174
0.000561968
0.000662252
0.000679281
0.000771996
0.000824976
0.000811731
0.000917692
0.000989593
0.00114475
0.00127342
0.0012772
0.00140208
0.00157237
0.00160833
0.00183349
0.00191107
0.00209461
0.00230842
0.00262062
0.00279659
0.00298392
0.00345128
0.00360643
0.0038316
0.00422895
0.00473605
0.00515421
0.00570293
0.0058543
0.00665847
0.007228
0.00803595
0.00879849
0.00941533
0.0103387
0.0112431
0.0121646
0.0133945
0.014562
0.0161116
0.017947
0.0195289
0.0211485
0.0237692
0.0270085
0.0296424
0.0330558
0.0377086
0.0431864
0.0508174
0.0553472
0.0453775
0.0402781
0.0345998
0.0303519
0.0272412
0.0235856
0.0211296
0.0191826
0.0173434
0.0154816
0.0135061
0.0124655
0.0110615
0.0105998
0.00919394
0.00879659
0.00793377
0.0071561
0.00659035
0.00618543
0.00560265
0.00536235
0.00497635
0.00463387
0.0041211
0.00384106
0.00345128
0.00326206
0.00308042
0.00294229
0.00260738
0.00247114
0.00237654
0.00230842
0.00191864
0.00186755
0.00181646
0.00169536
0.00147209
0.00148344
0.00126395
0.00120341
0.00110312
0.00108798
0.00114664
0.00100095
0.000826869
0.000773888
0.00074929
0.000700095
0.000605487
0.000605487
0.000561968
0.000486282
0.000463576
0.00043141
0.000393567
0.00037843
0.000372753
0.000293283
0.000317881
0.000242195
0.000266793
0.000242195
0.000191107
0.000187323
0.000187323
0.000181646
0.000128666
0.00014948
0.000102176
0.000128666
8.13623e-05
0.000102176
9.46074e-05
7.00095e-05
8.51466e-05
7.00095e-05
4.54115e-05
6.4333e-05
6.81173e-05
6.4333e-05
4.91958e-05
6.24409e-05
5.86566e-05
3.97351e-05
2.64901e-05
3.02744e-05
3.59508e-05
5.1088e-05
3.59508e-05
3.59508e-05
3.59508e-05
2.64901e-05
3.7843e-05
4.35194e-05
4.35194e-05
2.64901e-05
3.02744e-05
1.89215e-05
4.35194e-05
2.64901e-05
3.21665e-05
2.64901e-05
2.83822e-05
2.08136e-05
2.45979e-05
2.08136e-05
1.70293e-05
3.02744e-05
2.08136e-05
2.45979e-05
1.3245e-05
2.64901e-05
2.83822e-05
2.45979e-05
2.27058e-05
7.56859e-06
1.51372e-05
3.40587e-05
2.27058e-05
1.89215e-05
1.13529e-05
1.13529e-05
1.70293e-05
7.56859e-06
7.56859e-06
