0
0
0
0
0
0
0
0
0
0
0
0
0
0
0
0
0
0
0
0
0
0
0
0
0
0
0
0
0
0
0
0
0
0
0
0
0
0
3.8147e-06
3.8147e-06
0
0
0
0
0
3.8147e-06
7.62939e-06
1.14441e-05
1.52588e-05
1.52588e-05
0
3.8147e-06
1.52588e-05
3.8147e-06
7.62939e-06
1.14441e-05
7.62939e-06
1.14441e-05
2.28882e-05
1.52588e-05
1.52588e-05
1.14441e-05
2.67029e-05
2.67029e-05
1.90735e-05
3.8147e-05
3.43323e-05
1.14441e-05
2.67029e-05
2.28882e-05
4.19617e-05
3.8147e-05
2.67029e-05
6.48499e-05
8.7738e-05
0.000118256
0.000118256
0.000167847
0.000148773
0.000217438
0.000232697
0.000244141
0.000297546
0.000255585
0.000377655
0.000476837
0.000453949
0.000492096
0.000602722
0.000587463
0.000648499
0.000659943
0.000804901
0.000869751
0.000900269
0.000976562
0.00122452
0.00134659
0.00148773
0.0018158
0.0020752
0.00255585
0.00296402
0.0036087
0.00468063
0.0059433
0.00802612
0.011734
0.0170746
0.024128
0.034214
0.0464745
0.0587769
0.0696259
0.0756454
0.0773125
0.0729713
0.0696907
0.0616951
0.0503006
0.0429764
0.0363541
0.0357399
0.0270996
0.0236397
0.0224571
0.019783
0.0211868
0.0223045
0.00488663
0.00369263
0.00298691
0.00238037
0.00207138
0.00170517
0.00146866
0.00123596
0.00123978
0.00101471
0.00094223
0.000900269
0.000789642
0.000640869
0.000686646
0.000530243
0.000511169
0.000488281
0.000526428
0.000465393
0.000411987
0.000366211
0.000270844
0.000343323
0.000228882
0.000274658
0.000213623
0.000141144
0.000167847
0.000141144
0.000160217
9.53674e-05
0.000125885
0.000106812
4.95911e-05
6.10352e-05
4.95911e-05
3.8147e-05
4.57764e-05
4.95911e-05
4.95911e-05
1.14441e-05
4.57764e-05
1.90735e-05
1.14441e-05
2.67029e-05
1.90735e-05
0
7.62939e-06
1.14441e-05
0
7.62939e-06
3.8147e-06
0
3.8147e-06
1.90735e-05
0
3.8147e-06
7.62939e-06
7.62939e-06
0
3.8147e-06
3.8147e-06
0
0
3.8147e-06
0
3.8147e-06
0
0
0
0
0
0
0
0
0
0
0
7.62939e-06
0
0
0
0
0
0
0
0
0
0
0
0
0
0
0
0
0
0
0
0
0
0
0
0
0
0
0
0
0
0
0
0
0
0
0
0
0
0
0
0
0
0
0
0
0
0
0
