1.16732e-05
7.7821e-06
7.7821e-06
7.7821e-06
9.72763e-06
1.94553e-06
7.7821e-06
3.89105e-06
5.83658e-06
1.16732e-05
1.94553e-05
1.36187e-05
1.55642e-05
1.36187e-05
5.83658e-06
7.7821e-06
5.83658e-06
2.14008e-05
7.7821e-06
1.16732e-05
9.72763e-06
1.55642e-05
2.72374e-05
2.52918e-05
2.14008e-05
1.75097e-05
5.83658e-06
1.36187e-05
1.75097e-05
1.36187e-05
9.72763e-06
1.55642e-05
9.72763e-06
1.94553e-05
2.14008e-05
2.14008e-05
2.52918e-05
2.91829e-05
2.72374e-05
2.72374e-05
1.94553e-05
2.52918e-05
2.33463e-05
2.14008e-05
2.14008e-05
1.94553e-05
1.75097e-05
2.72374e-05
1.75097e-05
2.33463e-05
2.33463e-05
2.52918e-05
2.33463e-05
2.52918e-05
2.91829e-05
3.6965e-05
2.14008e-05
3.89105e-05
3.89105e-05
3.30739e-05
3.89105e-05
4.28016e-05
3.89105e-05
6.03113e-05
4.0856e-05
4.47471e-05
4.28016e-05
3.30739e-05
2.72374e-05
5.25292e-05
6.22568e-05
5.05837e-05
4.28016e-05
6.42023e-05
5.25292e-05
6.61479e-05
5.25292e-05
5.25292e-05
6.61479e-05
4.47471e-05
6.80934e-05
7.393e-05
8.56031e-05
9.33852e-05
8.75486e-05
0.00011284
8.17121e-05
0.000140078
0.000136187
0.000161479
0.000173152
0.000155642
0.000161479
0.000169261
0.000210117
0.000182879
0.000256809
0.000231518
0.000342412
0.000330739
0.000342412
0.00040856
0.000515564
0.000546693
0.000595331
0.000696498
0.000821012
0.000949416
0.000974708
0.00122763
0.00142607
0.00156809
0.0019358
0.00225681
0.00262062
0.00321595
0.00378016
0.00456615
0.00581907
0.00762062
0.00990856
0.0135525
0.0191615
0.0281109
0.0410739
0.0629105
0.0995409
0.162068
0.178942
0.107772
0.0659105
0.04293
0.0292393
0.0201148
0.0142023
0.0105175
0.00819455
0.00616537
0.00498054
0.0040428
0.00321012
0.00276654
0.00228988
0.00205058
0.00157782
0.00140856
0.00122763
0.000990272
0.000805447
0.000747082
0.000706226
0.000698444
0.000550584
0.000466926
0.000377432
0.000365759
0.000346304
0.000324903
0.0002393
0.000214008
0.000175097
0.000132296
0.000114786
0.000159533
0.000118677
0.000101167
9.92218e-05
8.36576e-05
7.19844e-05
7.393e-05
6.42023e-05
4.0856e-05
4.0856e-05
7.19844e-05
4.0856e-05
4.28016e-05
1.94553e-05
3.89105e-05
3.6965e-05
2.52918e-05
2.33463e-05
1.94553e-05
1.75097e-05
7.7821e-06
1.16732e-05
5.83658e-06
3.89105e-06
3.89105e-06
1.94553e-06
5.83658e-06
3.89105e-06
1.16732e-05
3.89105e-06
0
3.89105e-06
3.89105e-06
9.72763e-06
5.83658e-06
5.83658e-06
7.7821e-06
5.83658e-06
3.89105e-06
1.94553e-06
5.83658e-06
3.89105e-06
3.89105e-06
3.89105e-06
3.89105e-06
5.83658e-06
3.89105e-06
3.89105e-06
3.89105e-06
0
7.7821e-06
3.89105e-06
1.94553e-06
7.7821e-06
3.89105e-06
1.36187e-05
3.89105e-06
1.16732e-05
7.7821e-06
1.94553e-06
1.94553e-05
7.7821e-06
5.83658e-06
9.72763e-06
3.89105e-06
3.89105e-06
7.7821e-06
3.89105e-06
7.7821e-06
7.7821e-06
1.94553e-06
0
9.72763e-06
7.7821e-06
5.83658e-06
1.16732e-05
1.36187e-05
1.16732e-05
2.14008e-05
5.83658e-06
5.83658e-06
9.72763e-06
3.89105e-06
3.89105e-06
1.36187e-05
1.94553e-06
7.7821e-06
7.7821e-06
9.72763e-06
1.16732e-05
9.72763e-06
7.7821e-06
9.72763e-06
